0, 0 0 0;
1, 16 16 16;
2, 32 32 32;
3, 63 63 63;
4, 63 15 15;
5, 63 0 0;
6, 32 0 0;
7, 16 0 0;
8, 63 46 26;
9, 63 15 0;
10, 32 8 0;
11, 16 4 0;
12, 63 43 11;
13, 63 63 0;
14, 32 32 0;
15, 16 16 0;
16, 33 63 12;
17, 20 63 0;
18, 10 32 0;
19, 5 16 0;
20, 18 63 18;
21, 0 63 0;
22, 0 32 0;
23, 0 16 0;
24, 18 63 23;
25, 0 63 6;
26, 0 32 3;
27, 0 16 1;
28, 18 63 22;
29, 0 63 21;
30, 0 32 11;
31, 0 16 6;
32, 18 63 45;
33, 0 63 37;
34, 0 32 18;
35, 0 16 9;
36, 18 48 63;
37, 0 41 63;
38, 0 21 32;
39, 0 11 16;
40, 18 33 63;
41, 0 21 63;
42, 0 11 32;
43, 0 6 16;
44, 11 9 63;
45, 0 0 63;
46, 0 0 32;
47, 0 0 16;
48, 26 13 62;
49, 11 0 63;
50, 6 0 32;
51, 3 0 16;
52, 63 15 63;
53, 63 0 63;
54, 32 0 32;
55, 16 0 16;
56, 63 16 27;
57, 63 0 20;
58, 32 0 10;
59, 16 0 5;
60, 63 3 0;
61, 37 13 0;
62, 29 20 0;
63, 8 13 1;
64, 0 14 0;
65, 0 18 6;
66, 0 5 27;
67, 0 0 63;
68, 0 17 19;
69, 4 0 50;
70, 31 31 31;
71, 7 7 7;
72, 63 0 0;
73, 46 63 11;
74, 43 58 1;
75, 24 63 2;
76, 3 34 0;
77, 0 63 23;
78, 0 41 63;
79, 0 10 63;
80, 6 0 63;
81, 22 0 63;
82, 43 6 30;
83, 10 4 0;
84, 63 12 0;
85, 33 55 1;
86, 28 63 5;
87, 0 63 0;
88, 14 63 9;
89, 21 63 27;
90, 13 63 50;
91, 22 34 63;
92, 12 20 48;
93, 26 20 57;
94, 52 7 63;
95, 63 0 22;
96, 63 17 0;
97, 45 41 0;
98, 35 63 0;
99, 32 22 1;
100, 14 10 0;
101, 0 18 3;
102, 3 19 8;
103, 5 5 10;
104, 5 7 22;
105, 25 14 6;
106, 32 0 0;
107, 54 16 10;
108, 53 18 4;
109, 63 47 9;
110, 39 55 11;
111, 25 44 3;
112, 5 5 11;
113, 54 52 26;
114, 31 58 34;
115, 38 37 63;
116, 35 25 63;
117, 15 15 15;
118, 28 28 28;
119, 55 63 63;
120, 39 0 0;
121, 13 0 0;
122, 6 51 0;
123, 1 16 0;
124, 45 43 0;
125, 15 12 0;
126, 44 20 0;
127, 18 5 0;
